TL: -15.764336,-47.872666
TR: -15.764326, -47.870449
BL: -15.765437,-47.872648
BR: -15.765450,-47.870459

Tamanho: 234,3 metros
Resolucao: 0.171847507

image: IDA.pgm
resolution: 0.171847507
origin: [0.000000, 0.000000, 0.000000]
negate: 0
occupied_thresh: 0.65
free_thresh: 0.196
