BL:  37.700144,-121.906377
BR:  37.700144,-121.903517

Tamanho: 251,6 metros
Resolucao: 0.184458478

image: MapaHotel.pgm
resolution: 0.184458478
origin: [0.000000, 0.000000, 0.000000]
negate: 0
occupied_thresh: 0.65
free_thresh: 0.196
