BL:  37.659290, -121.890104
BR:  37.659290, -121.884303

Tamanho: 510,7 metros
Resolucao: 0.375238795

image: MapaCompeticaoEsquerda.pgm
resolution: 0.375238795
origin: [0.000000, 0.000000, 0.000000]
negate: 0
occupied_thresh: 0.65
free_thresh: 0.196
