BL: 37.659582,-121.889520
BR:  37.659582,-121.884589

Tamanho: 431,4 metros
Resolucao: 0.3162756598

image: MapaCompeticao1.pgm
resolution: 0.3162756598
origin: [0.000000, 0.000000, 0.000000]
negate: 0
occupied_thresh: 0.65
free_thresh: 0.196
