BL:  -15.818853,-47.907364
BR:  -15.818853,-47.905944

Tamanho: 151,9 metros
Resolucao: 0.1113636364

image: mapaMinhaCasa.pgm
resolution: 0.1113636364
origin: [0.000000, 0.000000, 0.000000]
negate: 0
occupied_thresh: 0.65
free_thresh: 0.196
