BL:  37.658891, -121.886897
BR:  37.658891, -121.882708

Tamanho: 368,8 metros
Resolucao: 0.2703812317

image: MapaCompeticaoDireita.pgm
resolution: 0.2703812317
origin: [0.000000, 0.000000, 0.000000]
negate: 0
occupied_thresh: 0.65
free_thresh: 0.196
